nyanCat(8.00) = 4294967296.00000
nyanCat(17.00) = 108428035605965940639924224.00000
nyanCat(26.00) = 413130191675859241582804604822125514483302400.00000
